%YAML:1.0
---
camera_matrix: !!opencv-matrix
   rows: 3
   cols: 3
   dt: d
   data: [ 9.2964315316624686e+02, 0., 6.6955014050616114e+02, 0.,
       9.3819055716187302e+02, 3.2727866021695394e+02, 0., 0., 1. ]
dist_coeff: !!opencv-matrix
   rows: 1
   cols: 5
   dt: d
   data: [ 1.1212473341761529e-01, -2.9316662292413875e-01,
       -7.0677721393360140e-03, 4.1774787718533530e-03,
       2.0652923217732055e-01 ]
