%YAML:1.0
---
camera_matrix: !!opencv-matrix
   rows: 3
   cols: 3
   dt: d
   data: [ 6.0531515659920569e+02, 0., 3.3153673879597352e+02, 0.,
       6.1000495721531502e+02, 2.4459282891552468e+02, 0., 0., 1. ]
dist_coeff: !!opencv-matrix
   rows: 1
   cols: 5
   dt: d
   data: [ 1.0642981024241754e-01, -2.3564396490630557e-01,
       6.8206197818420126e-04, -2.7829612310394862e-03,
       -8.1118758135934221e-02 ]
