%YAML:1.0
---
camera_matrix: !!opencv-matrix
   rows: 3
   cols: 3
   dt: d
   data: [ 9.1712296182233013e+02, 0., 6.4796618173019726e+02, 0.,
       9.2399972991472816e+02, 3.6785321313053043e+02, 0., 0., 1. ]
dist_coeff: !!opencv-matrix
   rows: 1
   cols: 5
   dt: d
   data: [ 1.7422433111289776e-01, -5.2745402757096427e-01,
       -7.2089386376680597e-03, 2.7317136004745375e-03,
       4.2401961481666273e-01 ]
