%YAML:1.0
---
camera_matrix: !!opencv-matrix
   rows: 3
   cols: 3
   dt: d
   data: [ 5.9199632313604934e+02, 0., 3.1647666420606623e+02, 0.,
       5.9570317130224737e+02, 2.4784888432959315e+02, 0., 0., 1. ]
dist_coeff: !!opencv-matrix
   rows: 1
   cols: 5
   dt: d
   data: [ 1.4613219047969184e-01, -3.7769887526420387e-01,
       -4.0383099292824456e-03, -5.6869300177487961e-03,
       7.4160080836766576e-02 ]
